# w - peso do item
set a:=
1
2
3
4
5
6
7
8
9
10
11
12
13
14
15
16
17
18
19
20
21
22
23
24
25
26
27
28
29
30
31
32
33
34
35
36
37
38
39
40
41
42
43
44
45
46
47
48
49
50
51
52
53
54
55
56
57
58
59
60
61
62
63
64
65
66
67
68
69
70
71
72
73
74
75
76
77
78
79
80
81
82
83
84
85
86
87
88
89
90
91
92
93
94
95
96
97
98
99
100
101
102
103
104
105
106
107
108
109
110
111
112
113
114
115
116
117
118
119
120;

set v:= 1   2	3	4	5	6	7;

param:vagas:=	
1	5
2	8
3	1
4	12
5	3
6	9
7	7;

param: referencia_vaga:=		
1	1	
2	2	
3	3	
4	4	
5	5	
6	6	
7	7;	

param: referencia_aluno:=		
1	1	
2	2	
3	2	
4	2	
5	2	
6	2	
7	2	
8	2	
9	2	
10	2	
11	2	
12	2	
13	2	
14	2	
15	2	
16	2	
17	2	
18	2	
19	2	
20	2	
21	2	
22	2	
23	2	
24	2	
25	2	
26	2	
27	2	
28	2	
29	2	
30	2	
31	2	
32	2	
33	2	
34	2
35	2
36	2
37	2	
38	2	
39	2	
40	2	
41	2	
42	2	
43	2	
44	2	
45	2	
46	2	
47	2	
48	2	
49	2	
50	2	
51	2	
52	2	
53	2	
54	2	
55	2	
56	2	
57	3	
58	3	
59	3	
60	3	
61	3	
62	3	
63	3	
64	3
65	3	
66	3	
67	3	
68	3	
69	3	
70	3	
71	3	
72	3	
73	3	
74	3	
75	3	
76	3	
77	3	
78	3	
79	3	
80	3	
81	3	
82	3	
83	3	
84	3
85	3	
86	3	
87	3	
88	3	
89	3	
90	3	
91	3	
92	3	
93	3	
94	3
95	3
96	3	
97	3	
98	4	
99	4	
100	4	
101	4	
102	4
103	4	
104	5	
105	5	
106	5	
107	5	
108	5	
109	5
110	6
111 6	
112	6
113	6	
114	6
115	7	
116	7	
117	7	
118	7	
119	7	
120	7;


param: peso:=		
1	1	
2	1	
3	1	
4	1	
5	1	
6	1	
7	1	
8	1	
9	1	
10	1	
11	1	
12	1	
13	1	
14	1	
15	1	
16	1	
17	1	
18	1	
19	1	
20	1	
21	1	
22	1	
23	1	
24	1	
25	1	
26	1	
27	1	
28	1	
29	1	
30	1	
31	1	
32	1	
33	1	
34	1	
35	1	
36	1	
37	1	
38	1	
39	1	
40	1	
41	1	
42	1	
43	1	
44	1	
45	1	
46	1	
47	1	
48	1	
49	1	
50	1	
51	1	
52	1	
53	1	
54	1	
55	1	
56	1	
57	1	
58	1	
59	1	
60	1	
61	1	
62	1	
63	1	
64	1	
65	1	
66	1	
67	1	
68	1	
69	1	
70	1	
71	1	
72	1	
73	1	
74	1	
75	1	
76	1	
77	1	
78	1	
79	1	
80	1	
81	1	
82	1	
83	1	
84	1	
85	1	
86	1	
87	1	
88	1	
89	1	
90	1	
91	1	
92	1	
93	1	
94	1	
95	1	
96	1	
97	1	
98	1	
99	1	
100	1	
101	1	
102	1	
103	1	
104	1	
105	1	
106	1	
107	1	
108	1	
109	1	
110	1	
111	1	
112	1	
113	1	
114	1	
115	1	
116	1	
117	1	
118	1	
119	1	
120	1;


param pontos:=
1	55
2	69
3	87
4	55
5	69
6	69
7	9
8	37
9	55
10	69
11	69
12	55
13	9
14	55
15	55
16	55
17	67
18	55
19	69
20	8
21	8
22	9
23	9
24	69
25	69
26	9
27	55
28	69
29	69
30	55
31	9
32	37
33	9
34	37
35	9
36	9
37	8
38	9
39	9
40	55
41	9
42	9
43	37
44	69
45	69
46	37
47	9
48	55
49	9
50	9
51	37
52	55
53	9
54	9
55	83
56	55
57	55
58	9
59	55
60	55
61	55
62	55
63	55
64	55
65	55
66	55
67	9
68	55
69	55
70	83
71	55
72	55
73	55
74	55
75	97
76	55
77	83
78	55
79	55
80	55
81	55
82	55
83	83
84	69
85	69
86	8
87	9
88	53
89	9
90	9
91	9
92	9
93	37
94	9
95	9
96	9
97	9
98	9
99	8
100	9
101	54
102	55
103	55
104	55
105	83
106	68
107	55
108	55
109	69
110	55
111	55
112	55
113	37
114	83
115	55
116	36
117	9
118	83
119	8
120	55;